# GENERATED by python/design_decimator.py -- reference vectors
# Bit-exact fixed-point model output. Each block:
#   CASE <name> <n_in> <n_out>
#   IN  <space-separated 24-bit signed integers>
#   OUT <space-separated 24-bit signed integers>
# The hardware must reproduce OUT exactly, after group delay.

CASE impulse 4096 1116
IN 8388607 0 0 0 0 0 0 0 0 0 0 0 0 0 0 0 0 0 0 0 0 0 0 0 0 0 0 0 0 0 0 0 0 0 0 0 0 0 0 0 0 0 0 0 0 0 0 0 0 0 0 0 0 0 0 0 0 0 0 0 0 0 0 0 0 0 0 0 0 0 0 0 0 0 0 0 0 0 0 0 0 0 0 0 0 0 0 0 0 0 0 0 0 0 0 0 0 0 0 0 0 0 0 0 0 0 0 0 0 0 0 0 0 0 0 0 0 0 0 0 0 0 0 0 0 0 0 0 0 0 0 0 0 0 0 0 0 0 0 0 0 0 0 0 0 0 0 0 0 0 0 0 0 0 0 0 0 0 0 0 0 0 0 0 0 0 0 0 0 0 0 0 0 0 0 0 0 0 0 0 0 0 0 0 0 0 0 0 0 0 0 0 0 0 0 0 0 0 0 0 0 0 0 0 0 0 0 0 0 0 0 0 0 0 0 0 0 0 0 0 0 0 0 0 0 0 0 0 0 0 0 0 0 0 0 0 0 0 0 0 0 0 0 0 0 0 0 0 0 0 0 0 0 0 0 0
OUT 0 0 0 2 -5 10 -17 30 -48 76 -115 170 -242 337 -460 617 -815 1060 -1361 1730 -2176 2711 -3346 4098 -4982 6016 -7219 8612 -10225 12085 -14225 16695 -19548 22855 -26709 31236 -36614 43103 -51099 61227 -74559 93066 -120835 167926 -267355 628352 1887740 -375896 206709 -140828 105367 -82961 67373 -55819 46857 -39679 33788 -28863 24693 -21127 18059 -15406 13109 -11115

CASE dc_full 4096 1116
IN 4194303 4194303 4194303 4194303 4194303 4194303 4194303 4194303 4194303 4194303 4194303 4194303 4194303 4194303 4194303 4194303 4194303 4194303 4194303 4194303 4194303 4194303 4194303 4194303 4194303 4194303 4194303 4194303 4194303 4194303 4194303 4194303 4194303 4194303 4194303 4194303 4194303 4194303 4194303 4194303 4194303 4194303 4194303 4194303 4194303 4194303 4194303 4194303 4194303 4194303 4194303 4194303 4194303 4194303 4194303 4194303 4194303 4194303 4194303 4194303 4194303 4194303 4194303 4194303 4194303 4194303 4194303 4194303 4194303 4194303 4194303 4194303 4194303 4194303 4194303 4194303 4194303 4194303 4194303 4194303 4194303 4194303 4194303 4194303 4194303 4194303 4194303 4194303 4194303 4194303 4194303 4194303 4194303 4194303 4194303 4194303 4194303 4194303 4194303 4194303 4194303 4194303 4194303 4194303 4194303 4194303 4194303 4194303 4194303 4194303 4194303 4194303 4194303 4194303 4194303 4194303 4194303 4194303 4194303 4194303 4194303 4194303 4194303 4194303 4194303 4194303 4194303 4194303 4194303 4194303 4194303 4194303 4194303 4194303 4194303 4194303 4194303 4194303 4194303 4194303 4194303 4194303 4194303 4194303 4194303 4194303 4194303 4194303 4194303 4194303 4194303 4194303 4194303 4194303 4194303 4194303 4194303 4194303 4194303 4194303 4194303 4194303 4194303 4194303 4194303 4194303 4194303 4194303 4194303 4194303 4194303 4194303 4194303 4194303 4194303 4194303 4194303 4194303 4194303 4194303 4194303 4194303 4194303 4194303 4194303 4194303 4194303 4194303 4194303 4194303 4194303 4194303 4194303 4194303 4194303 4194303 4194303 4194303 4194303 4194303 4194303 4194303 4194303 4194303 4194303 4194303 4194303 4194303 4194303 4194303 4194303 4194303 4194303 4194303 4194303 4194303 4194303 4194303 4194303 4194303 4194303 4194303 4194303 4194303 4194303 4194303 4194303 4194303 4194303 4194303 4194303 4194303 4194303 4194303 4194303 4194303 4194303 4194303 4194303 4194303 4194303 4194303 4194303 4194303 4194303 4194303 4194303 4194303 4194303 4194303 4194303 4194303 4194303 4194303 4194303 4194303
OUT 0 0 0 1 2 0 6 -5 14 -16 34 -41 71 -89 137 -172 244 -308 411 -514 665 -820 1036 -1257 1556 -1868 2272 -2700 3237 -3818 4526 -5300 6236 -7272 8520 -9927 11631 -13607 16044 -19004 22793 -27718 34474 -44003 56780 -38058 3565313 4358599 4107211 4251865 4152106 4227084 4167927 4216021 4176148 4209632 4181269 4205428 4184786 4202450 4187333 4200257 4189229 4198616

CASE tone_1k 4096 1116
IN 0 274321 547466 818268 1085566 1348215 1605090 1855093 2097152 2330230 2553330 2765496 2965820 3153444 3327565 3487436 3632373 3761756 3875031 3971712 4051386 4113711 4158421 4185323 4194304 4185323 4158421 4113711 4051386 3971712 3875031 3761756 3632373 3487436 3327565 3153444 2965820 2765496 2553330 2330230 2097152 1855093 1605090 1348215 1085566 818268 547466 274321 0 -274321 -547466 -818268 -1085566 -1348215 -1605090 -1855093 -2097152 -2330230 -2553330 -2765496 -2965820 -3153444 -3327565 -3487436 -3632373 -3761756 -3875031 -3971712 -4051386 -4113711 -4158421 -4185323 -4194304 -4185323 -4158421 -4113711 -4051386 -3971712 -3875031 -3761756 -3632373 -3487436 -3327565 -3153444 -2965820 -2765496 -2553330 -2330230 -2097152 -1855093 -1605090 -1348215 -1085566 -818268 -547466 -274321 0 274321 547466 818268 1085566 1348215 1605090 1855093 2097152 2330230 2553330 2765496 2965820 3153444 3327565 3487436 3632373 3761756 3875031 3971712 4051386 4113711 4158421 4185323 4194304 4185323 4158421 4113711 4051386 3971712 3875031 3761756 3632373 3487436 3327565 3153444 2965820 2765496 2553330 2330230 2097152 1855093 1605090 1348215 1085566 818268 547466 274321 0 -274321 -547466 -818268 -1085566 -1348215 -1605090 -1855093 -2097152 -2330230 -2553330 -2765496 -2965820 -3153444 -3327565 -3487436 -3632373 -3761756 -3875031 -3971712 -4051386 -4113711 -4158421 -4185323 -4194304 -4185323 -4158421 -4113711 -4051386 -3971712 -3875031 -3761756 -3632373 -3487436 -3327565 -3153444 -2965820 -2765496 -2553330 -2330230 -2097152 -1855093 -1605090 -1348215 -1085566 -818268 -547466 -274321 0 274321 547466 818268 1085566 1348215 1605090 1855093 2097152 2330230 2553330 2765496 2965820 3153444 3327565 3487436 3632373 3761756 3875031 3971712 4051386 4113711 4158421 4185323 4194304 4185323 4158421 4113711 4051386 3971712 3875031 3761756 3632373 3487436 3327565 3153444 2965820 2765496 2553330 2330230 2097152 1855093 1605090 1348215 1085566 818268 547466 274321 0 -274321 -547466 -818268 -1085566 -1348215 -1605090 -1855093 -2097152 -2330230 -2553330 -2765496 -2965820 -3153444 -3327565 -3487436
OUT 0 0 0 0 1 0 2 -1 5 -3 10 -9 19 -19 33 -37 56 -65 89 -109 138 -171 209 -257 309 -374 446 -532 630 -742 874 -1021 1198 -1395 1635 -1907 2243 -2639 3142 -3776 4627 -5823 7638 -10754 17177 -36255 277024 1358254 2322337 3159536 3756889 4117662 4182029 3974467 3485092 2767485 1853389 819727 -275566 -1347142 -2331136 -3152659 -3762407 -4113145

CASE tone_11k 4096 1116
IN 0 2765496 4158421 3487436 1085566 -1855093 -3875031 -3971712 -2097152 818268 3327565 4185323 2965820 274321 -2553330 -4113711 -3632373 -1348215 1605090 3761756 4051386 2330230 -547466 -3153444 -4194304 -3153444 -547466 2330230 4051386 3761756 1605090 -1348215 -3632373 -4113711 -2553330 274321 2965820 4185323 3327565 818268 -2097152 -3971712 -3875031 -1855093 1085566 3487436 4158421 2765496 0 -2765496 -4158421 -3487436 -1085566 1855093 3875031 3971712 2097152 -818268 -3327565 -4185323 -2965820 -274321 2553330 4113711 3632373 1348215 -1605090 -3761756 -4051386 -2330230 547466 3153444 4194304 3153444 547466 -2330230 -4051386 -3761756 -1605090 1348215 3632373 4113711 2553330 -274321 -2965820 -4185323 -3327565 -818268 2097152 3971712 3875031 1855093 -1085566 -3487436 -4158421 -2765496 0 2765496 4158421 3487436 1085566 -1855093 -3875031 -3971712 -2097152 818268 3327565 4185323 2965820 274321 -2553330 -4113711 -3632373 -1348215 1605090 3761756 4051386 2330230 -547466 -3153444 -4194304 -3153444 -547466 2330230 4051386 3761756 1605090 -1348215 -3632373 -4113711 -2553330 274321 2965820 4185323 3327565 818268 -2097152 -3971712 -3875031 -1855093 1085566 3487436 4158421 2765496 0 -2765496 -4158421 -3487436 -1085566 1855093 3875031 3971712 2097152 -818268 -3327565 -4185323 -2965820 -274321 2553330 4113711 3632373 1348215 -1605090 -3761756 -4051386 -2330230 547466 3153444 4194304 3153444 547466 -2330230 -4051386 -3761756 -1605090 1348215 3632373 4113711 2553330 -274321 -2965820 -4185323 -3327565 -818268 2097152 3971712 3875031 1855093 -1085566 -3487436 -4158421 -2765496 0 2765496 4158421 3487436 1085566 -1855093 -3875031 -3971712 -2097152 818268 3327565 4185323 2965820 274321 -2553330 -4113711 -3632373 -1348215 1605090 3761756 4051386 2330230 -547466 -3153444 -4194304 -3153444 -547466 2330230 4051386 3761756 1605090 -1348215 -3632373 -4113711 -2553330 274321 2965820 4185323 3327565 818268 -2097152 -3971712 -3875031 -1855093 1085566 3487436 4158421 2765496 0 -2765496 -4158421 -3487436 -1085566 1855093 3875031 3971712 2097152 -818268 -3327565 -4185323 -2965820 -274321 2553330 4113711
OUT 0 0 0 0 4 -11 27 -54 99 -171 282 -448 686 -1018 1469 -2070 2855 -3864 5139 -6728 8688 -11077 13960 -17405 21487 -26288 31897 -38408 45927 -54574 64486 -75818 88766 -103569 120531 -140051 162665 -189114 220460 -258278 304994 -364574 443965 -556727 734274 -1077614 3278539 -1898143 774715 342221 -1420789 2399866 -3217054 3818217 -4162841 4227400 -4007245 3517042 -2789827 1874798 -833973 -262030 1338797 -2323194

CASE tone_13k 4096 1116
IN 0 3153444 4158421 2330230 -1085566 -3761756 -3875031 -1348215 2097152 4113711 3327565 274321 -2965820 -4185323 -2553330 818268 3632373 3971712 1605090 -1855093 -4051386 -3487436 -547466 2765496 4194304 2765496 -547466 -3487436 -4051386 -1855093 1605090 3971712 3632373 818268 -2553330 -4185323 -2965820 274321 3327565 4113711 2097152 -1348215 -3875031 -3761756 -1085566 2330230 4158421 3153444 0 -3153444 -4158421 -2330230 1085566 3761756 3875031 1348215 -2097152 -4113711 -3327565 -274321 2965820 4185323 2553330 -818268 -3632373 -3971712 -1605090 1855093 4051386 3487436 547466 -2765496 -4194304 -2765496 547466 3487436 4051386 1855093 -1605090 -3971712 -3632373 -818268 2553330 4185323 2965820 -274321 -3327565 -4113711 -2097152 1348215 3875031 3761756 1085566 -2330230 -4158421 -3153444 0 3153444 4158421 2330230 -1085566 -3761756 -3875031 -1348215 2097152 4113711 3327565 274321 -2965820 -4185323 -2553330 818268 3632373 3971712 1605090 -1855093 -4051386 -3487436 -547466 2765496 4194304 2765496 -547466 -3487436 -4051386 -1855093 1605090 3971712 3632373 818268 -2553330 -4185323 -2965820 274321 3327565 4113711 2097152 -1348215 -3875031 -3761756 -1085566 2330230 4158421 3153444 0 -3153444 -4158421 -2330230 1085566 3761756 3875031 1348215 -2097152 -4113711 -3327565 -274321 2965820 4185323 2553330 -818268 -3632373 -3971712 -1605090 1855093 4051386 3487436 547466 -2765496 -4194304 -2765496 547466 3487436 4051386 1855093 -1605090 -3971712 -3632373 -818268 2553330 4185323 2965820 -274321 -3327565 -4113711 -2097152 1348215 3875031 3761756 1085566 -2330230 -4158421 -3153444 0 3153444 4158421 2330230 -1085566 -3761756 -3875031 -1348215 2097152 4113711 3327565 274321 -2965820 -4185323 -2553330 818268 3632373 3971712 1605090 -1855093 -4051386 -3487436 -547466 2765496 4194304 2765496 -547466 -3487436 -4051386 -1855093 1605090 3971712 3632373 818268 -2553330 -4185323 -2965820 274321 3327565 4113711 2097152 -1348215 -3875031 -3761756 -1085566 2330230 4158421 3153444 0 -3153444 -4158421 -2330230 1085566 3761756 3875031 1348215 -2097152 -4113711 -3327565 -274321 2965820 4185323 2553330 -818268
OUT 0 0 0 0 3 -7 14 -24 40 -60 88 -123 165 -208 252 -287 308 -302 253 -144 -46 343 -778 1387 -2208 3286 -4669 6410 -8566 11194 -14357 18120 -22544 27687 -33606 40346 -47937 56378 -65606 75447 -85509 94921 -101726 101104 -79015 -21977 1782364 -963618 685505 -530083 427550 -353621 297206 -252424 215835 -185297 159398 -137173 117944 -101210 86600 -73822 62646 -52885

CASE tone_19k 4096 1116
IN 0 3971712 2553330 -2330230 -4051386 -274321 3875031 2765496 -2097152 -4113711 -547466 3761756 2965820 -1855093 -4158421 -818268 3632373 3153444 -1605090 -4185323 -1085566 3487436 3327565 -1348215 -4194304 -1348215 3327565 3487436 -1085566 -4185323 -1605090 3153444 3632373 -818268 -4158421 -1855093 2965820 3761756 -547466 -4113711 -2097152 2765496 3875031 -274321 -4051386 -2330230 2553330 3971712 0 -3971712 -2553330 2330230 4051386 274321 -3875031 -2765496 2097152 4113711 547466 -3761756 -2965820 1855093 4158421 818268 -3632373 -3153444 1605090 4185323 1085566 -3487436 -3327565 1348215 4194304 1348215 -3327565 -3487436 1085566 4185323 1605090 -3153444 -3632373 818268 4158421 1855093 -2965820 -3761756 547466 4113711 2097152 -2765496 -3875031 274321 4051386 2330230 -2553330 -3971712 0 3971712 2553330 -2330230 -4051386 -274321 3875031 2765496 -2097152 -4113711 -547466 3761756 2965820 -1855093 -4158421 -818268 3632373 3153444 -1605090 -4185323 -1085566 3487436 3327565 -1348215 -4194304 -1348215 3327565 3487436 -1085566 -4185323 -1605090 3153444 3632373 -818268 -4158421 -1855093 2965820 3761756 -547466 -4113711 -2097152 2765496 3875031 -274321 -4051386 -2330230 2553330 3971712 0 -3971712 -2553330 2330230 4051386 274321 -3875031 -2765496 2097152 4113711 547466 -3761756 -2965820 1855093 4158421 818268 -3632373 -3153444 1605090 4185323 1085566 -3487436 -3327565 1348215 4194304 1348215 -3327565 -3487436 1085566 4185323 1605090 -3153444 -3632373 818268 4158421 1855093 -2965820 -3761756 547466 4113711 2097152 -2765496 -3875031 274321 4051386 2330230 -2553330 -3971712 0 3971712 2553330 -2330230 -4051386 -274321 3875031 2765496 -2097152 -4113711 -547466 3761756 2965820 -1855093 -4158421 -818268 3632373 3153444 -1605090 -4185323 -1085566 3487436 3327565 -1348215 -4194304 -1348215 3327565 3487436 -1085566 -4185323 -1605090 3153444 3632373 -818268 -4158421 -1855093 2965820 3761756 -547466 -4113711 -2097152 2765496 3875031 -274321 -4051386 -2330230 2553330 3971712 0 -3971712 -2553330 2330230 4051386 274321 -3875031 -2765496 2097152 4113711 547466 -3761756 -2965820 1855093 4158421 818268
OUT 0 0 0 0 -1 5 -7 12 -23 36 -54 84 -124 172 -236 324 -431 564 -733 936 -1183 1485 -1844 2265 -2764 3354 -4038 4830 -5750 6814 -8038 9442 -11067 12949 -15126 17668 -20670 24248 -28581 33968 -40855 50000 -62854 82372 -115537 182413 779661 -246187 138803 -94234 70042 -54842 44354 -36628 30682 -25955 22080 -18854 16140 -13816 11811 -10091 8602 -7299

CASE noise 4096 1116
IN -4971057 -104959 1610790 -466862 -1907501 -1862854 4496141 4196056 3241489 6515153 -3122765 -958445 -6204591 -3380946 154941 7405927 4054776 -7394220 4687679 550419 -3748870 -5005034 -6972448 8107339 7718317 -596723 -242257 -196889 7132740 -5272185 5773459 -2231982 -6686974 7050284 3610533 -1501618 7970234 7225980 1725622 -636701 1175772 -3530800 297587 -6730200 7434821 1335686 -5421677 7672835 3740602 -6899778 6493454 -8300374 -1234186 -1838693 -6386725 1615792 3444305 -5946439 -7366476 -6742525 5437809 1604046 6243770 107982 -1260617 -7371942 -6111789 -7863584 7518780 2946793 1573425 5150145 447305 7589049 7180175 4407070 -4252040 -5649888 6832512 758665 -2028170 1361117 -1143546 -7008921 -1723904 1760833 -5311529 -4733171 3281753 3197264 -5002193 -6778517 -4411019 4063792 2274054 1983788 -2421311 2338171 5253899 -6155597 -4095538 -2127507 -7360522 -201490 6063694 -4522694 2999662 723201 7359924 5363089 -6528973 4945412 -5563647 4056197 1344070 7585452 6714240 933556 -7510989 -6878533 5454921 2409431 -2810106 -6779111 -2823670 6756726 -7978991 1699006 -3166223 1193771 -4878987 -5492988 -2646528 -933619 5460407 1743784 -5281248 7772344 4869992 -1678279 7318066 -3165800 4331443 -2772313 6694159 4281128 7159447 -3450296 -7534299 -7865439 2037040 -1380516 -1207938 -6593556 4831516 -7978630 -3902128 -2170867 -993421 -8017911 -3289902 3859772 -2567307 7472650 5681328 7110074 -892985 5007166 1175472 -5032714 3799999 -8143081 7758904 -5092218 4127369 -2034291 561145 801242 6587046 6809755 4832229 6825427 -477028 -3853762 3048698 -4452939 -7828442 -4237930 -1929924 7520135 3367298 -8295191 1784509 3167853 -1619947 4286268 -630870 -3339560 7269240 -3202596 6940171 -8029904 -922579 -6486303 2407132 -6903471 25812 -2163687 -8134082 4096094 -5701074 2471588 -3302359 -4701023 -7798664 -2877556 -248716 -6189080 -6690703 -3010649 8000208 2969070 3473405 -161142 -1696881 -7768464 4408457 3325637 6822670 -3287764 -4474379 -727279 7113655 -2998559 754192 -8298465 575203 -6476920 -7555653 4558708 4279865 4860152 384821 3870795 -2290014 536311 -7694249 4045004 4323038 91116 -356793 3013986 -2527914 2472546 1815364 3400346
OUT 0 0 0 -1 3 -1 -3 13 -28 59 -103 175 -279 434 -642 930 -1303 1797 -2427 3225 -4225 5472 -7012 8895 -11177 13927 -17226 21154 -25797 31271 -37701 45229 -54003 64217 -76112 89940 -106053 124848 -146860 172799 -203588 240456 -284906 337862 -393366 357335 -2069731 2104784 1335562 -1461167 1480586 -2472035 3348111 -214499 1281587 4577062 -2022025 1842640 -507205 -1991766 -3366561 1623760 -3459015 1271241
